501
-421227723
-1402840226
2073703323
-195061891
425708857
1424300684
40601078
-1961064593
1489127756
373894503
312789085
-875368759
1634823911
-1676270663
-502925137
-266938154
2002946418
-818681608
614545364
-1520796133
1515559753
-763593599
-802832549
1005565758
1968818842
-1512898535
-119532212
184408971
1926203051
1869234234
1509037570
-386568750
1381461615
1482880117
715989773
-1090020480
-127810404
-575245098
-1503316047
-368181980
-916293925
-1908720106
259246034
-719977528
1416673447
-74868398
1668680238
-1787857898
1506219454
1947469444
1610936781
-777137032
956108621
-814801017
-1711227391
1278796577
389284808
-225102929
62042020
-1796012200
-1548028970
-860136927
-1328622450
1320402158
938941363
1419596448
401446301
1164666594
-1547649974
1518278580
624706586
270480009
-1734610232
1518960646
1352785844
-2007895780
-519131039
-644848886
899243686
1114440251
190740523
1865031217
-1304622218
-645690660
25702184
39556112
-897088555
-1332873649
1091468617
773439006
281376246
-1030776544
-1100036129
717406851
-713847336
1803732683
250695045
1311921578
1874815047
-809466387
1420299025
298242777
-1888065456
-1598155861
-1692563633
265828819
-438788985
-1821833945
734107798
-1217588365
1460537368
-718677139
-2129580818
1123430030
1100351957
-1093245617
-1819596100
-228559567
317237172
-1985153405
-923877191
1153778229
-1717119360
-1911979136
-1800602537
1480357082
-481396442
760333338
-2104014806
-2123694174
-557066613
-72246461
1341377802
-678136491
1516512561
1052645772
858921762
-1271284664
1242041269
-1390908387
-1206543750
-303327273
-694334643
1779911958
252589258
1342643665
1033454320
1538569648
589437806
-1414746336
-1652527850
-1505152126
-462168163
-398190035
-229749160
1411619042
618100056
-878718117
988580280
-1443981536
-373899919
-2028986246
67896332
-217278116
-1420369395
-1660050880
1974502011
368689666
239945493
-1779146403
-1671010143
163150788
20753682
-272057139
-375228088
-2020340901
512832538
677101949
140174268
989749954
388996762
-306591398
1807698829
615515720
-1329171655
427629835
1646166065
-398309256
408142161
-1942733472
-191142211
1812494254
-1145534167
-1883856720
-1893922721
-1175669019
-415555814
-648815284
1084149170
1947755676
195052665
2087785112
-704039422
493260956
2087913204
911046744
666882389
-1452135478
1468482717
65561984
-1845285880
337443429
693320203
1062565393
-1636539095
1892711492
-949189107
-1613703528
-1444003308
-85967390
1717803317
1780651441
1058975493
-309605865
861792302
2114381700
-1553141238
-236090533
350981820
-1557600669
-1123592738
1770799722
312581765
-1782956797
-875294449
-713630958
236417291
1355143230
2007615812
-1938651850
1997926371
-244345444
-1190983368
-16427942
74511219
590788414
-970721784
1644416978
1538822675
558176745
-740050255
-515338529
-2067906167
1688161670
-423694611
1683314377
743581283
-1694660549
-1366945032
-1907348583
366398265
-790944864
-1957372061
256103046
581623743
293985975
2058994679
1911788530
1019012953
18267785
-1833374873
1655752432
-1312988117
-1222548455
414270978
1752455106
-241864004
-1914688000
619322159
1572758761
495159903
-148962043
-1467245676
454547892
-904409563
326892730
-1061520659
589218049
-16371929
1501644198
-537907979
-2078198957
-712517559
-370230058
-1056145697
1605147966
25376542
-811713320
1817691321
1259599005
-120393627
-1647954845
-612350436
278109803
1968803748
973454449
1120710043
1244620013
-836235158
-636312098
1678387828
-223141032
1102065724
91437670
-1817322221
-366105966
-1475526493
963528777
-2132005637
1383821765
-976888812
1728466417
1737022300
-332499892
892959812
61354034
-159542780
1931600917
-1068699243
-1873409746
-1785603109
-1804255443
1697850184
-2057495156
1072480281
-615208803
-971550878
1277788618
-392286452
-255044057
466305102
-1194788894
-196742228
637125543
-1392149518
-1956074216
1023084557
1842410290
-16985392
-1581720896
-531827993
1311679517
-376247351
-261529123
-1061236367
2138875910
-1235506362
-274516394
1041337629
-1894922708
-1905102158
-1074715550
1126870616
1012753166
-1921012259
-705101606
-1022065984
731424073
-992871886
1550970946
-1806372531
975296716
1296380281
-142928573
-695022337
-1630406000
-1283632282
-357279019
-476033731
-57265012
185058824
-1914698224
541145456
1102574785
-426131856
2033227579
923557504
1655029423
-650532138
1147072148
1498628732
-1901793355
-691079981
1417125395
1222823001
548651187
1976260082
866787819
1321927114
370750574
2067610682
-969607955
-639921427
1360681854
-1072854525
1223457057
52391579
-1272449124
-581700387
-1418084633
1334959450
693453346
-87423430
-36734127
-2107241957
-1928357753
-2054573849
-1223920228
-1299244597
-1330079207
1256603124
-1473689473
904109097
708438400
2077410144
885653080
-655173662
-256837955
19512017
-1834709074
-1150517606
-589454603
-330591187
-566921760
1179032281
-306866903
-363428861
1083002778
1284367660
-1463981760
1532624188
572718945
1342844903
498786218
-2032826462
-2046733407
1703541669
1285104054
-1373900302
180910873
1408746859
852684043
-1620472386
-33698716
335542027
551305729
-166385731
-1817851125
980077006
1408247817
-1511025891
-1835218874
1745497977
991601447
-735718503
1523347686
826347737
1347833218
-304950351
-878361808
1206627462
1458963809
837918740
-1005104580
1785643530
413508801
-1202963019
1739849585
-1461931461
-1915109514
136526674
1796765326
-1788130200
819972397
1119418662
526920451
-1736009480
521218509
1294581304
1930050960
-1561812928
-825365240
1197355727
629244903
-52041475
1596931281
202699038
-931710954
-272962237
1942729977
-227136430
