101
-1335983824
-288905541
-817406363
1578764387
1700035493
-525719796
-1190176127
-2016077037
1143380422
422830736
-591981433
-239570695
728255256
756080849
-812633761
1379511596
1709432171
1183383424
-996115533
2132860253
-1684942485
1730928007
-2137666954
-2039895905
-1638096877
2051775627
-1638672146
-439728230
508253772
-1376779373
1355092722
1461089349
-941679618
-58676819
1528090639
-1392581762
-1010428601
-736549050
-2141436926
1775789619
1820837725
806333223
1327097320
727825778
-2044525835
1705879531
-1361866849
-1803512311
444363334
1964059082
-652312523
-453367788
993175035
970448047
1200776073
1201665760
-1423123496
433530343
209869487
17135378
1906842814
1928461783
400846090
222952666
1588675614
1001275961
1363915754
622376763
517418507
1597282809
1821742468
-993411228
-1643716932
-405154162
1821524781
-560177955
1435281139
-1613918846
-193013776
1848389450
-525223359
-1566662771
-214937298
1199659383
-1773964271
1058285216
568348930
-1122907150
927886388
1354811203
1950980969
1342151433
12013558
1897630130
823340800
-48772280
-1080483062
1446400718
93286950
-1493352398
-565146281
