67
373043646
-503775413
1199947192
417283555
-507532133
-958535657
314068791
-4711333
1175592740
-1190987539
2138967555
2085347687
1751306205
-893507633
-998081271
1383358009
-1650027992
-1017091599
-1143330454
-1258102843
788000823
2009377609
-213035438
-1282961424
1687196194
-1938400265
-441690712
-2017959421
-1544439172
-131971946
1292035008
1907729344
-1684578666
208205026
2034553355
1524783855
-1606650362
1032299266
590858597
-1076923441
1603969302
-2903774
-821494390
632384505
-1043488280
1263886622
703851016
128901475
-682937562
-1281151851
-1938755755
2055793986
-792980786
1295139391
1199067219
527107277
-1570324587
-373860541
54476327
-1604618645
708753473
-1824259540
-658570880
1789180588
-1568345320
1375473114
-399423896
