113
2137571697
-1215040008
360821622
139355557
-1478629450
-1140462332
-1730975003
222918197
508016462
1918214223
-729515883
1776526200
-771404474
-1704245697
-495427921
358929579
-1773311041
-1810491737
-1820169126
-345528723
-2017713335
972535144
1912420995
-284200379
715715906
505950765
514439128
328289093
1192406053
-1092533752
-182660216
211028695
290800358
1688488302
-1375481499
1737731947
1979345685
1381737145
1508308478
-1467490321
2131781637
1169967732
312204349
-1935577166
722591318
-935914708
1710594836
-1358108722
-1672337585
1807657030
-1795276195
-550234367
-1185696060
741796625
2054469515
-1851054257
-1644256819
1311653914
1922945102
-1550566851
1319166083
-1681061269
980542437
1041322456
-1965502195
-1726221833
1896543989
621243395
-796229717
-957892477
-1194180018
-123866870
322014287
2036236639
2041007934
-911159426
-108583261
-691987639
1297387740
1752598185
-1090649637
591832581
-1153014685
-739382897
-1817703849
-464048782
-1426401575
-1056720804
-1707117014
2035239333
1301104158
773594202
-259871204
-534762218
1713302670
2104731868
-897171101
-770819747
-1165643948
1704970215
-1325238768
2070972666
-992723597
1622835225
-1352561358
1855639331
-1654018290
-1277212548
-1991534396
39756662
-1539689274
504369003
54916409
